0.059568	1.839372	2.641176	1
-0.391274	1.858804	2.781016	1
-0.007352	1.991463	2.677566	1
0.35632	1.713997	3.388025	1
0.486183	2.185049	3.341164	1
-0.001463	1.883409	2.620451	1
-0.321949	2.116	2.97612	1
-0.105967	2.039386	2.69062	1
-0.241692	2.080121	3.295838	1
0.317402	1.930319	2.808673	1
0.176288	1.897947	2.884964	1
0.25754	1.818898	2.894509	1
0.256035	1.859505	3.249011	1
0.046269	2.105237	3.085448	1
-0.023056	2.124088	3.457016	1
-0.565816	2.026489	3.131777	1
0.016938	2.349824	2.810222	1
-0.381557	2.118918	3.229747	1
-0.1582	1.850755	3.084271	1
-0.089315	2.042305	3.26174	1
0.26888	2.20124	2.624596	1
-0.018195	1.863402	2.870087	1
-0.35497	2.147402	3.068803	1
0.034226	2.181138	3.07953	1
0.238442	1.890593	3.200791	1
0.145525	2.247656	3.012995	1
-0.215266	2.187661	2.853557	1
-0.442843	2.202506	3.138356	1
-0.22808	1.594589	2.836218	1
-0.215236	1.911315	3.114907	1
-0.316201	1.944967	2.61289	1
-0.323356	2.207643	3.136071	1
-0.089497	2.333467	3.062965	1
0.032859	2.046503	3.275178	1
0.022102	2.231152	2.661025	1
0.285785	2.388164	3.128404	1
-0.211392	2.230643	3.188838	1
0.025608	1.872537	2.791669	1
0.11129	2.315077	2.920095	1
0.332627	1.575951	3.0393	1
-0.163879	2.085315	3.19084	1
-0.371824	1.857589	2.676155	1
-0.196121	1.940336	3.042881	1
0.42515	1.632678	2.875339	1
-0.218443	2.129799	3.164305	1
-0.153132	2.309401	3.168761	1
-0.493733	1.881779	2.975375	1
-0.157918	1.72077	3.149777	1
0.125222	2.162646	2.592765	1
-0.019213	1.928885	3.103889	1
0.167007	2.122925	2.650773	1
0.063883	2.320438	3.290622	1
-0.093236	1.899788	3.261655	1
-0.124479	2.412764	3.007295	1
0.144447	2.326454	3.086656	1
0.109266	2.150542	3.117906	1
-0.490628	1.798309	2.865072	1
0.368757	2.260351	3.005637	1
0.011363	1.957014	2.940272	1
0.174096	2.65269	3.059666	1
0.033236	1.804173	3.117317	1
0.038991	1.539269	2.912821	1
-0.314672	1.626985	2.977659	1
-0.629369	2.19984	3.248232	1
0.082804	1.794848	3.426457	1
-0.268615	2.107089	2.653316	1
0.176119	1.843517	2.835611	1
0.275207	1.419348	2.972813	1
-0.039217	1.931893	3.187827	1
0.103941	2.011659	3.162444	1
-0.065127	1.936809	2.86301	1
-0.194789	2.002099	3.143918	1
0.145272	1.768274	2.653762	1
0.09659	2.135415	2.925414	1
-0.01812	1.681185	3.41866	1
-0.089621	1.877994	3.152632	1
-0.014842	1.747741	2.826659	1
-0.163965	1.914921	3.078279	1
-0.389175	1.985531	2.464354	1
0.056538	2.168033	2.727147	1
0.123268	2.189285	2.928219	1
-0.532634	2.105124	3.304595	1
-0.035163	1.889656	3.474121	1
0.19714	2.524257	3.099024	1
-0.12003	1.979828	3.213819	1
0.171878	1.734223	2.619354	1
0.468346	2.267942	3.117544	1
-0.463072	2.037382	3.407883	1
0.006666	1.82927	2.873685	1
-0.291615	2.103796	2.077053	1
0.097288	2.063282	3.341508	1
0.001825	2.110398	3.103761	1
0.127549	2.46111	2.961936	1
-0.324334	1.936558	2.776278	1
-0.328186	2.013557	3.18962	1
0.057312	2.018699	2.960846	1
-0.09389	2.279703	2.86817	1
-0.135216	1.959818	3.326973	1
0.030911	1.808078	2.932591	1
0.069522	1.774853	2.947374	1
0.97016	3.038336	2.088302	2
0.946972	2.998555	2.213162	2
1.073096	2.860571	1.744574	2
0.97489	3.045461	2.252642	2
0.851442	3.200482	1.747811	2
0.696901	2.981101	2.139417	2
0.703631	2.744921	2.222674	2
1.336118	3.15315	1.992009	2
0.747168	2.987549	2.286088	2
0.938914	2.701856	2.077763	2
1.039866	3.2072	1.663471	2
1.025806	3.17593	1.835543	2
1.141951	3.036844	1.753328	2
1.428774	3.32543	2.260295	2
0.984303	2.895269	2.472678	2
0.293504	3.460138	1.737672	2
0.958473	3.00974	1.801249	2
1.145021	3.020523	2.082743	2
1.090342	3.175807	2.105966	2
1.256117	2.877037	2.365127	2
0.648569	3.157401	1.999501	2
1.163336	2.933196	1.476962	2
1.211155	3.176733	2.172169	2
1.270746	3.201724	1.629251	2
1.142389	2.908841	1.885151	2
0.886748	2.976024	2.184492	2
1.132833	2.987786	1.774583	2
1.253976	3.29163	1.855908	2
0.929498	2.782723	1.315586	2
1.422548	3.104214	2.22085	2
0.991536	2.750009	2.089391	2
1.182571	3.156724	1.884102	2
1.116141	2.968015	2.220033	2
1.184465	2.748183	1.612196	2
0.905346	3.045765	1.84078	2
1.133159	2.746439	2.315439	2
0.851726	3.006267	1.85417	2
1.115439	3.345813	2.006949	2
0.723999	2.773229	2.231472	2
0.78975	3.188108	2.19519	2
0.897527	3.394273	1.846349	2
0.553679	3.384498	2.130577	2
1.12226	2.911302	1.777514	2
1.206038	2.982777	1.843373	2
0.733848	2.916282	1.878067	2
0.60374	3.378206	2.088317	2
0.990022	2.879582	1.659884	2
0.548429	3.287162	2.075688	2
1.415411	2.88161	2.249153	2
0.902716	3.01807	1.934909	2
1.039654	2.707353	1.561264	2
0.830125	3.18267	2.306578	2
0.75357	2.954531	1.989217	2
1.159395	2.706695	1.781815	2
0.932606	3.419001	2.118171	2
1.201339	3.030577	2.183498	2
1.291451	3.34547	1.557116	2
1.368338	3.064993	1.916524	2
1.064932	2.811197	2.412123	2
0.743617	3.222369	2.150244	2
0.720641	2.950623	2.157065	2
0.515134	3.128585	2.231658	2
1.275282	3.330435	1.813157	2
0.975575	2.734176	2.204261	2
0.823903	3.163565	1.990211	2
0.553736	2.909583	2.152404	2
1.0717	3.337392	2.406201	2
0.859139	2.89005	2.174949	2
0.880426	2.838213	2.063866	2
0.927088	2.661148	1.322434	2
0.591243	2.981017	2.189861	2
1.069516	2.931794	2.029191	2
1.004365	2.874084	2.06908	2
1.126909	3.457666	1.996337	2
0.565767	2.997763	2.545142	2
1.171389	2.458787	1.91753	2
0.409077	3.368077	2.009544	2
1.088396	3.081433	1.993363	2
1.304161	2.934015	1.981753	2
1.300398	3.02705	1.603403	2
0.810487	3.093211	1.862297	2
1.108728	2.928531	1.486208	2
0.827743	3.549166	2.130599	2
0.904883	2.648613	1.934483	2
0.680421	3.02576	2.078646	2
1.144021	2.9954	2.284851	2
1.468805	2.978256	2.288479	2
0.865364	2.896464	2.359878	2
0.85958	3.249682	2.116037	2
0.766748	2.810986	1.661281	2
1.302254	2.617294	1.972945	2
1.191186	3.152583	1.976443	2
0.719314	2.880436	2.177776	2
0.756954	3.05291	2.363424	2
1.144258	2.95102	1.934781	2
1.131109	2.970165	2.508646	2
0.933039	2.573527	1.894964	2
1.127244	2.901826	2.334419	2
1.220501	2.883338	1.908507	2
0.954555	3.058908	2.001248	2
4.368497	4.101246	3.432229	3
3.96508	4.06837	4.282864	3
3.928222	3.874264	3.869022	3
3.757531	3.947494	4.550459	3
3.892531	3.941158	3.728742	3
4.097036	4.101064	4.118885	3
4.341888	4.584828	3.850289	3
3.606443	4.454357	3.540355	3
4.439235	4.031927	3.921339	3
3.805444	4.05961	3.88534	3
4.162971	3.309206	4.471099	3
3.781742	4.769815	3.476265	3
4.165325	4.256471	3.809142	3
3.917494	3.62763	3.627302	3
4.016735	3.838736	3.680269	3
3.706171	4.002984	4.131376	3
3.661891	3.74063	3.636364	3
3.541226	3.652708	4.40576	3
3.728757	4.291902	3.904411	3
4.571265	4.265329	3.635426	3
4.161394	3.991632	4.357728	3
3.450614	3.913526	4.181592	3
4.047166	4.020126	4.0004	3
4.039212	4.205585	3.722498	3
4.099233	4.51874	3.524805	3
4.046009	3.796415	3.952309	3
4.319734	3.685542	3.667497	3
3.631788	3.583316	3.952152	3
4.353807	3.89614	3.841083	3
4.029562	3.890849	3.916104	3
4.022354	3.899579	4.07401	3
3.943399	3.669779	4.138209	3
3.860152	3.638954	3.526728	3
3.851727	3.753672	4.402923	3
4.0713	4.315892	4.068018	3
3.965253	3.816601	4.230525	3
3.777802	3.730031	4.482348	3
4.511439	4.401137	3.697902	3
4.046666	4.180557	4.266047	3
3.942189	4.006151	4.096849	3
4.082875	3.809981	3.844434	3
4.102228	4.175735	4.009839	3
3.983454	4.486643	4.029614	3
3.869976	4.164201	4.201428	3
3.806884	4.123847	4.207922	3
4.189752	3.925922	3.850942	3
4.030058	4.466771	4.235544	3
4.01682	3.80543	4.443726	3
4.125059	3.884365	4.19345	3
4.186534	3.795551	3.71408	3
3.959803	3.847269	4.135312	3
4.405345	3.474793	4.228622	3
4.010158	3.856731	4.524979	3
4.119109	4.236918	4.137812	3
3.834982	3.943963	4.238894	3
3.838759	3.959693	4.020195	3
4.480419	4.381758	4.315795	3
4.143578	3.877973	4.397306	3
4.154636	3.601751	4.111193	3
4.455217	4.013886	3.726808	3
3.682025	3.887501	3.991643	3
4.148689	4.017485	4.654094	3
3.918157	4.017836	4.628629	3
3.778165	3.830314	3.620394	3
4.072155	4.483303	4.044091	3
3.699832	4.01733	4.058945	3
3.879601	4.287614	3.91295	3
3.500725	4.157492	3.646201	3
4.095284	4.066932	4.089039	3
3.981274	3.666349	4.209236	3
3.848097	3.850084	4.062187	3
4.175906	3.690684	4.383298	3
3.85256	3.962478	3.710109	3
4.196157	4.072036	3.889352	3
3.754975	3.912331	3.618353	3
3.931146	3.86255	3.888202	3
3.998049	4.347721	3.623874	3
4.130005	3.927055	3.936708	3
3.720447	3.864166	4.306939	3
3.672793	4.454284	3.733234	3
4.103022	4.154047	3.754032	3
3.774888	3.968584	3.575	3
4.288342	4.099752	4.343525	3
3.962807	4.208167	4.364715	3
3.664276	3.955223	3.948104	3
3.91457	3.713696	4.362079	3
4.592373	3.747243	3.871882	3
3.937975	4.256602	4.031272	3
3.935583	4.099755	3.906567	3
4.1695	3.991182	3.734205	3
4.063824	4.209045	3.83024	3
4.487749	3.556776	4.119872	3
3.713189	3.851348	4.121075	3
4.062018	3.64531	3.868148	3
3.787392	3.946622	4.194468	3
4.061877	4.172547	4.061472	3
4.065757	3.836728	4.393393	3
3.914329	4.184677	4.107248	3
4.582768	3.821161	4.120757	3
3.798373	3.602328	3.811969	3
1.958237	1.69877	3.915447	4
1.989375	2.662733	4.176032	4
1.839101	1.993136	3.678404	4
2.149254	2.213748	3.898601	4
1.832186	1.950496	4.158109	4
2.833422	2.436358	3.974058	4
1.443295	1.662361	4.485064	4
1.96526	2.063098	4.310668	4
2.336873	2.433523	4.287032	4
2.551307	1.701582	3.933846	4
1.913788	1.951194	4.228774	4
2.093793	2.342989	3.969306	4
2.146815	2.055729	3.77127	4
1.805491	2.193831	4.067773	4
1.808787	2.197301	3.798584	4
1.88771	2.34989	3.848678	4
2.346282	2.018975	3.985324	4
1.590894	1.968291	4.368982	4
1.874433	1.913211	4.174996	4
1.777648	1.775584	3.475889	4
2.011375	2.164268	3.919786	4
1.430107	2.538412	4.011547	4
2.055307	1.56864	4.229684	4
1.813933	1.88355	4.28915	4
1.611535	2.301886	4.028171	4
1.813495	2.250524	3.991088	4
2.005646	1.809487	3.784704	4
2.068312	2.334945	3.712974	4
1.630585	1.805543	4.045736	4
1.892711	2.109146	3.932215	4
1.999242	2.27397	4.226201	4
2.178029	2.481759	3.842139	4
1.766039	1.897629	3.617647	4
2.378516	2.232845	3.956724	4
1.737051	2.299586	4.048002	4
1.617891	2.325668	4.215563	4
2.083202	2.492359	4.502595	4
2.147206	1.990424	3.921371	4
2.290131	1.97877	4.409924	4
1.948209	1.881059	3.87543	4
2.187573	1.801368	4.171146	4
2.23825	1.923562	4.849261	4
1.679228	2.143074	3.725579	4
1.988387	2.210739	4.012238	4
2.269281	2.174132	3.75083	4
1.95099	2.050492	4.624807	4
2.22731	2.264784	3.690247	4
1.932039	2.082501	3.899697	4
1.694391	1.815371	4.438218	4
1.783034	1.826248	3.960781	4
2.398446	2.103285	3.634492	4
1.597079	2.243894	4.100619	4
1.911687	2.29282	3.597504	4
1.708883	1.657316	4.140553	4
1.971606	2.088895	3.931177	4
2.040471	1.840242	3.954351	4
1.924728	2.000474	4.135243	4
1.847129	1.736869	4.413028	4
1.983423	2.094658	3.423774	4
2.192622	2.309965	4.306812	4
1.779296	1.918803	3.86524	4
2.065605	2.307455	3.620935	4
2.209382	1.912115	3.93663	4
2.116784	1.915558	4.029264	4
1.885784	1.444199	4.428753	4
2.117536	2.236387	3.953142	4
1.972301	1.849379	4.320937	4
1.460853	2.459328	4.128289	4
2.047385	1.796981	4.185623	4
1.886234	2.127871	3.462391	4
2.031502	1.978583	4.046339	4
1.916805	2.208769	3.86056	4
2.504625	2.117084	4.357363	4
1.689551	1.876377	4.152588	4
1.686287	1.840077	3.661151	4
1.800573	1.915943	3.803301	4
2.082707	1.694529	4.256313	4
1.860377	2.089624	3.9595	4
1.802322	2.162173	4.097219	4
1.785646	1.81973	3.845158	4
1.763194	1.717369	4.391336	4
1.776239	1.660956	3.837808	4
1.932934	1.910277	3.992387	4
2.067009	1.892095	4.009155	4
1.899306	1.554581	4.044727	4
1.737056	1.879199	4.028594	4
1.877804	2.103541	3.785709	4
1.642255	1.80984	3.721209	4
2.12146	1.789224	4.299835	4
1.906939	2.037693	3.745319	4
1.560808	2.236119	4.006925	4
1.656943	2.480969	3.95723	4
2.476616	2.158259	3.952574	4
1.683534	2.177993	4.447579	4
2.109446	2.114751	4.111975	4
1.996694	2.036704	4.122226	4
1.685494	2.34104	3.997225	4
1.980138	2.367011	4.025306	4
1.194616	2.167812	3.929603	4
2.619411	1.764949	3.938412	4
